1   45  49  49  45  65  22  3   45  64  85  0   64  229 64  33  45  0   0   3   164 3   56  192 3   8   6   0   
2   60  62  63  60  80  22  3   45  141 102 43  80  87  81  33  45  73  0   3   164 3   56  192 3   8   6   0   
3   80  82  83  80  100 22  3   45  208 119 98  65  151 67  33  45  73  22  3   164 67  56  192 3   8   6   0   
4   39  52  43  65  50  20  20  45  65  85  92  92  92  93  10  45  0   0   3   181 3   79  200 227 8   38  0   
5   58  64  58  80  65  20  20  45  142 102 12  95  72  96  10  45  52  0   3   181 3   79  200 227 8   38  0   
6   78  84  78  100 85  20  2   45  209 119 134 98  149 100 10  45  52  43  3   181 67  79  206 227 8   38  0   
7   44  48  65  43  50  21  21  45  66  85  184 93  143 94  33  39  0   0   3   177 63  15  200 131 8   50  0   
8   59  63  80  58  65  21  21  45  143 102 177 96  241 97  33  39  145 0   3   177 63  15  200 131 8   50  0   
9   79  83  100 78  85  21  21  45  210 119 55  118 81  120 33  39  145 55  3   177 127 15  206 131 8   50  0   
10  45  30  35  45  20  7   7   255 53  85  73  74  225 74  33  81  0   0   0   0   0   0   0   0   0   0   0   
11  50  20  55  30  25  7   7   120 72  85  58  75  200 75  106 0   0   0   0   0   0   0   0   0   0   0   0   
12  60  45  50  70  80  7   2   45  160 119 55  76  14  78  93  0   0   0   0   42  67  56  240 67  40  2   0   
13  40  35  30  50  20  7   3   255 52  85  125 117 36  118 40  81  0   0   0   0   0   0   0   0   0   0   0   
14  45  25  50  35  25  7   3   120 71  85  119 118 54  119 106 0   0   0   0   0   0   0   0   0   0   0   0   
15  65  80  40  75  45  7   3   45  159 119 136 119 128 121 31  0   0   0   0   36  67  24  192 195 8   6   0   
16  40  45  40  56  35  0   2   255 55  85  167 69  91  70  16  0   0   0   3   42  3   8   192 67  12  10  0   
17  63  60  55  71  50  0   2   120 113 102 10  120 91  121 16  28  0   0   3   42  3   8   192 67  12  10  0   
18  83  80  75  91  70  0   2   45  172 119 194 121 121 123 16  28  98  0   3   42  67  8   192 67  12  10  0   
19  30  56  35  72  25  0   0   255 57  85  106 79  65  80  33  39  0   0   0   160 47  136 201 194 8   2   0   
20  55  81  60  97  50  0   0   90  116 102 122 80  13  82  33  39  98  0   0   160 127 136 201 194 8   2   0   
21  40  60  30  70  31  0   2   255 58  85  223 71  194 72  64  45  0   0   0   42  3   8   192 66  12  10  0   
22  65  90  65  100 61  0   2   90  162 119 131 67  41  69  64  45  43  0   0   42  67  8   192 66  12  10  0   
23  35  60  44  55  40  3   3   255 62  85  107 111 109 112 35  43  0   0   0   160 3   24  206 130 136 34  0   
24  60  85  69  80  65  3   3   90  147 119 180 86  17  89  35  43  40  0   0   160 67  24  206 130 136 34  0   
25  35  55  30  90  50  23  23  190 82  85  125 77  139 78  84  45  0   0   0   177 131 141 193 195 24  66  0   
26  60  90  55  100 90  23  23  75  122 119 3   79  195 80  84  45  86  0   0   177 195 141 193 195 24  66  0   
27  50  75  85  40  30  4   4   255 93  85  201 90  231 91  10  0   0   0   0   164 3   13  206 194 136 38  0   
28  75  100 110 65  55  4   4   90  163 102 107 92  4   94  10  28  0   0   0   164 67  13  206 194 136 38  0   
29  55  47  52  41  40  3   3   235 59  85  40  93  194 93  45  33  0   0   3   160 35  136 193 131 8   2   0   
30  70  62  67  56  55  3   3   120 117 102 139 84  200 85  45  33  10  0   3   224 63  136 193 131 8   2   0   
31  90  82  87  76  75  3   4   45  194 119 9   94  239 95  33  10  39  34  3   241 255 143 199 163 136 50  0   
32  46  57  40  50  40  3   3   235 60  85  60  69  35  70  43  33  0   0   3   224 35  136 193 131 8   2   0   
33  61  72  57  65  55  3   3   120 118 102 130 82  240 83  43  33  30  0   3   224 63  136 193 131 8   2   0   
34  81  92  77  85  75  3   4   45  195 119 248 73  96  76  33  30  40  37  3   241 255 143 199 163 136 50  0   
35  70  45  48  35  60  0   0   150 68  85  130 70  133 71  1   45  0   0   4   177 63  175 241 167 56  99  0   
36  95  70  73  60  85  0   0   25  129 102 140 104 184 105 47  3   107 118 4   177 127 175 241 167 56  99  0   
37  38  41  40  65  65  20  20  190 63  102 36  73  154 74  52  39  0   0   0   160 3   8   200 227 8   2   0   
38  73  76  75  100 100 20  20  75  178 119 255 74  251 76  52  39  98  46  0   160 67  8   200 227 8   2   0   
39  115 45  20  20  25  0   0   170 76  85  47  98  15  99  47  0   0   0   4   177 63  175 241 163 56  99  0   
40  140 70  45  45  50  0   0   50  109 102 72  99  191 100 47  50  111 3   4   177 127 175 241 163 56  99  0   
41  40  45  35  55  40  3   2   255 54  85  12  110 23  111 141 0   0   0   0   42  3   24  192 66  8   2   0   
42  75  80  70  90  75  3   2   90  171 119 224 85  10  88  141 103 44  0   0   42  67  24  192 66  8   2   0   
43  45  50  55  30  75  22  3   255 78  85  11  104 169 104 71  0   0   0   3   36  3   56  192 3   8   6   0   
44  60  65  70  40  85  22  3   120 132 102 65  105 120 106 71  77  78  0   3   36  3   56  192 3   8   6   0   
45  75  80  85  50  100 22  3   45  184 119 33  107 130 108 78  79  51  80  3   164 67  56  192 3   8   6   0   
46  35  70  55  25  55  7   22  190 70  85  180 112 119 113 10  0   0   0   0   164 3   56  200 131 8   6   0   
47  60  95  80  30  80  7   22  75  128 119 168 89  140 91  10  78  141 0   0   164 67  56  200 131 8   6   0   
48  60  55  50  45  40  7   3   190 75  85  87  115 92  116 33  50  0   0   0   32  3   56  208 3   40  2   0   
49  70  65  60  90  90  7   3   75  138 119 169 70  65  72  33  50  77  141 0   42  67  56  240 67  40  2   0   
50  10  55  25  95  45  4   4   255 81  85  51  109 16  110 10  0   0   0   0   160 3   8   206 2   136 2   0   
51  35  80  50  120 70  4   4   50  153 102 128 68  42  70  10  45  91  0   0   160 67  8   206 2   136 2   0   
52  40  45  35  90  40  0   0   255 69  85  9   70  31  71  10  45  0   0   0   160 143 136 193 194 8   2   0   
53  65  70  60  115 65  0   0   90  148 119 30  109 4   111 10  45  44  103 0   160 207 136 193 194 8   2   0   
54  50  52  48  55  50  21  21  190 80  85  10  92  62  93  10  0   0   0   0   177 191 15  200 194 8   50  0   
55  80  82  78  85  80  21  21  75  174 119 8   81  194 82  10  39  50  0   0   177 255 15  200 194 8   50  0   
56  40  80  35  70  35  1   1   190 74  85  17  106 22  107 10  43  0   0   0   177 131 143 201 198 136 34  0   
57  65  105 60  95  60  1   1   75  149 119 71  66  8   68  10  43  2   154 0   177 195 143 201 198 136 34  0   
58  55  70  45  60  50  20  20  190 91  85  0   64  1   65  44  46  0   0   5   160 3   72  200 227 8   2   0   
59  90  110 80  95  80  20  20  75  213 119 255 102 61  105 46  52  43  36  5   160 67  72  232 227 8   2   0   
60  40  50  40  90  40  21  21  255 77  85  117 120 71  121 145 0   0   0   3   160 63  8   208 130 40  18  0   
61  65  65  65  90  50  21  21  120 131 102 237 113 94  115 145 95  55  0   3   177 63  15  214 134 40  50  0   
62  90  85  95  70  70  21  1   45  185 119 193 115 44  117 95  55  3   34  3   177 127 15  214 134 40  50  0   
63  25  20  15  90  105 24  24  200 73  85  204 115 207 116 100 0   0   0   3   177 3   15  240 135 56  67  0   
64  40  35  30  105 120 24  24  100 145 102 48  72  185 73  100 93  50  0   3   177 3   15  248 135 56  67  0   
65  55  50  45  120 135 24  24  50  186 119 90  117 121 119 100 93  50  0   3   177 67  15  248 135 56  67  0   
66  70  80  50  35  35  1   1   180 88  85  159 108 162 109 2   0   0   0   3   177 3   15  206 166 136 34  0   
67  80  100 70  45  50  1   1   90  146 119 133 78  99  80  2   67  43  0   3   177 3   15  206 166 136 34  0   
68  90  130 80  55  65  1   1   45  193 119 147 78  140 80  2   67  43  0   3   177 67  15  206 166 136 34  0   
69  50  75  35  40  70  22  3   255 84  85  0   109 186 109 22  74  0   0   3   36  3   56  192 3   8   6   0   
70  65  90  50  55  85  22  3   120 151 102 48  110 111 111 22  74  35  0   3   36  3   56  192 3   8   6   0   
71  80  105 65  70  100 22  3   45  191 119 234 111 178 113 79  78  51  75  3   164 67  56  192 3   8   6   0   
72  40  40  35  70  100 21  3   190 105 85  42  110 28  111 51  0   0   0   5   36  63  24  192 131 8   22  0   
73  80  70  65  100 120 21  3   60  205 102 85  68  195 69  51  48  35  0   5   36  127 24  192 131 8   22  0   
74  40  80  100 20  30  5   4   255 86  85  79  86  41  87  33  0   0   0   3   161 3   15  206 46  200 34  0   
75  55  95  115 35  45  5   4   120 134 102 76  74  0   76  33  111 0   0   3   161 3   15  206 46  200 34  0   
76  80  110 130 45  55  5   4   45  177 102 116 95  242 96  33  111 0   0   3   177 67  15  206 46  200 34  0   
77  50  85  55  90  65  20  20  190 152 102 177 74  50  78  52  0   0   0   0   224 3   8   192 227 8   2   0   
78  65  100 70  105 80  20  20  60  192 119 16  76  186 78  52  39  23  45  0   224 67  8   192 227 8   2   0   
79  90  65  65  15  40  21  24  190 99  85  160 70  194 71  93  0   0   0   0   160 191 8   254 227 56  115 0   
80  95  75  110 30  80  21  24  75  164 119 10  77  135 79  93  50  29  0   0   177 255 15  254 227 56  115 0   
81  25  35  70  45  95  23  23  190 89  85  135 91  13  92  33  0   0   0   0   32  3   136 225 67  24  66  0   
82  50  60  95  70  120 23  23  60  161 102 136 101 35  103 33  49  84  0   0   32  67  136 225 67  24  66  0   
83  52  65  55  60  58  0   2   45  94  102 233 112 198 114 64  28  0   0   0   174 3   8   192 195 8   14  0   
84  35  85  45  75  35  0   2   190 96  85  44  119 13  120 64  0   0   0   0   168 3   8   192 131 12  11  0   
85  60  110 70  100 60  0   2   45  158 119 0   64  162 65  64  45  31  0   0   168 67  8   192 131 12  11  0   
86  65  45  55  45  70  21  21  190 100 102 132 107 232 108 29  0   0   0   0   224 191 8   192 130 8   50  0   
87  90  70  80  70  95  21  25  75  176 102 153 72  226 73  29  45  62  0   0   224 255 8   192 130 8   50  0   
88  80  80  50  25  40  3   3   190 90  85  115 89  176 90  1   50  0   0   0   160 0   152 193 42  72  2   0   
89  105 105 75  50  65  3   3   75  157 119 86  95  95  97  1   50  139 0   0   160 64  152 193 42  72  2   0   
90  30  65  100 40  45  21  21  190 97  85  182 108 195 109 33  110 0   0   5   32  63  8   224 75  72  19  0   
91  50  95  180 70  85  21  25  60  203 119 127 100 171 102 110 48  128 62  5   32  127 8   224 75  72  19  0   
92  30  35  30  80  100 8   3   190 95  119 119 111 144 113 122 109 101 0   3   32  0   152 209 10  106 2   0   
93  45  50  45  95  115 8   3   90  126 102 138 113 69  115 122 109 101 0   3   32  0   152 209 10  106 2   0   
94  60  65  60  110 130 8   3   45  190 102 118 91  198 92  122 109 101 0   3   177 67  159 209 142 106 34  0   
95  35  45  160 70  30  5   4   45  108 119 100 65  0   67  33  103 0   0   0   160 3   8   206 138 200 34  0   
96  60  48  45  42  90  24  24  190 102 102 169 93  5   95  1   95  0   0   0   177 3   15  240 135 58  67  0   
97  85  73  70  67  115 24  24  75  165 119 93  83  82  85  1   95  50  93  0   177 67  15  240 135 58  67  0   
98  30  105 90  50  25  21  21  225 115 85  119 71  176 72  145 43  0   0   0   164 63  8   192 2   8   54  0   
99  55  130 115 75  50  21  21  60  206 119 236 97  222 99  145 43  11  0   0   164 127 8   192 2   8   54  0   
100 40  30  50  100 55  23  23  190 103 85  17  73  154 73  33  103 0   0   0   32  1   136 225 75  88  66  0   
101 60  50  70  140 80  23  23  60  150 85  96  103 39  104 33  103 49  0   0   32  65  136 225 203 88  66  0   
102 60  40  80  40  60  22  24  90  98  119 215 86  240 88  140 95  0   0   5   32  3   8   240 27  104 2   0   
103 95  95  85  55  125 22  24  45  212 119 214 81  248 83  140 95  0   0   5   32  67  56  240 27  104 34  0   
104 50  50  95  35  40  4   4   190 87  85  168 96  150 97  125 45  0   0   0   177 63  15  206 162 8   34  0   
105 60  80  110 45  50  4   4   75  124 102 143 111 1   113 125 45  43  116 0   177 127 15  206 162 8   34  0   
106 50  120 53  87  35  1   1   45  139 119 191 82  94  84  24  96  0   0   0   177 3   15  192 198 8   34  0   
107 50  105 79  76  35  1   1   45  140 102 188 84  67  86  4   97  0   0   0   177 3   15  192 198 8   34  0   
108 90  55  75  30  60  0   0   45  127 119 167 84  62  86  35  48  0   0   0   181 127 143 199 162 8   54  0   
109 40  65  95  35  60  3   3   190 114 102 166 103 116 105 33  123 0   0   0   32  0   136 193 42  72  2   0   
110 65  90  120 60  85  3   3   60  173 119 68  106 118 108 33  123 124 0   0   32  64  136 193 42  72  2   0   
111 80  85  95  25  30  4   5   120 135 119 8   98  15  100 30  0   0   0   5   224 3   136 207 162 136 34  0   
112 105 130 120 40  45  4   5   60  204 119 0   64  2   66  30  23  39  31  5   241 255 143 207 162 136 50  0   
113 250 5   5   50  105 0   0   30  255 102 174 76  33  78  1   3   0   0   4   177 127 175 241 183 57  99  0   
114 65  55  115 60  100 22  22  45  166 102 57  123 231 124 132 20  0   0   0   164 67  56  192 130 8   6   0   
115 105 95  80  90  40  0   0   45  175 119 154 66  166 68  4   99  0   0   0   177 127 143 199 162 136 50  0   
116 30  40  70  60  70  21  21  225 83  85  193 87  115 88  145 0   0   0   0   32  63  8   192 194 8   18  0   
117 55  65  95  85  95  21  21  75  155 102 196 88  43  90  145 108 0   0   0   32  127 8   192 194 8   18  0   
118 45  67  60  63  50  21  21  225 111 102 111 70  150 71  64  39  0   0   0   96  63  8   192 194 8   18  0   
119 80  92  65  68  80  21  21  60  170 119 3   72  3   74  64  39  48  0   0   96  127 8   192 194 8   18  0   
120 30  45  55  85  70  21  21  225 106 102 224 116 236 117 33  0   0   0   5   32  63  136 241 195 56  83  0   
121 60  75  85  115 100 21  24  60  207 102 28  124 172 125 33  55  106 0   5   32  127 136 241 195 56  83  0   
122 40  45  65  90  100 24  24  45  136 102 243 80  71  82  93  112 0   0   0   177 67  175 241 135 56  66  0   
123 70  110 80  105 55  7   2   45  187 119 28  114 60  116 98  0   0   0   0   36  67  8   192 194 8   6   0   
124 65  50  35  95  95  25  24  45  137 102 142 121 66  123 1   142 0   0   0   177 127 15  240 135 40  2   0   
125 65  83  57  105 85  23  23  45  156 102 103 99  239 100 98  43  0   0   0   177 67  143 241 199 56  98  0   
126 65  95  57  93  85  20  20  45  167 102 97  97  191 98  52  0   0   0   0   177 67  15  240 166 40  34  0   
127 65  125 100 85  55  7   7   45  200 119 218 120 170 122 11  0   0   0   5   164 67  13  192 2   8   38  0   
128 75  100 95  110 70  0   0   45  211 119 126 110 84  112 33  0   0   0   5   224 115 136 199 162 8   34  0   
129 20  10  55  80  20  21  21  255 20  102 49  93  195 94  150 0   0   0   5   0   0   0   0   0   0   0   0   
130 95  125 79  81  100 21  2   45  214 119 212 105 37  108 44  82  43  56  5   160 127 200 193 163 8   50  0   
131 130 85  80  60  95  21  25  45  219 119 193 100 124 102 55  45  0   0   5   224 127 232 209 131 40  50  0   
132 48  48  48  48  48  0   0   35  61  85  20  69  189 69  144 0   0   0   0   0   0   0   0   0   0   0   0   
133 55  55  50  55  65  0   0   45  92  85  49  101 37  102 33  28  0   0   0   160 3   8   192 195 8   2   0   
134 130 65  60  65  110 21  21  45  196 102 174 106 2   108 33  28  98  55  0   160 127 8   192 195 8   18  0   
135 65  65  60  130 110 23  23  45  197 102 143 104 10  106 33  28  98  84  0   160 67  136 193 195 24  66  0   
136 65  130 60  65  110 20  20  45  198 102 141 102 6   104 33  28  98  52  0   160 67  8   192 227 8   2   0   
137 65  60  70  40  75  0   0   45  130 102 132 87  209 88  33  159 160 0   0   32  115 136 241 195 56  67  0   
138 35  40  100 35  90  5   21  45  120 85  157 94  118 95  55  110 0   0   0   160 63  8   192 3   8   18  0   
139 70  60  125 55  115 5   21  45  199 102 211 95  139 97  55  110 30  0   0   224 127 13  192 131 8   18  0   
140 30  80  90  55  45  5   21  45  119 85  100 84  41  85  10  106 0   0   0   160 63  8   192 3   8   18  0   
141 60  115 105 80  70  5   21  45  201 102 131 85  60  87  10  106 71  0   0   182 127 13  192 131 8   18  0   
142 80  105 65  130 60  5   2   45  202 119 49  89  236 90  17  97  0   0   5   42  67  72  192 99  12  10  0   
143 160 110 65  30  65  0   0   25  154 119 25  91  229 92  29  133 156 0   5   177 255 175 215 175 168 50  0   
144 90  85  100 85  125 25  2   3   215 119 0   64  56  66  64  58  0   0   5   42  127 8   192 67  12  10  0   
145 90  90  85  100 125 23  2   3   216 119 157 66  132 68  84  65  0   0   5   42  67  136 193 67  28  74  0   
146 90  100 90  90  125 20  2   3   217 119 172 123 2   126 64  83  0   0   5   42  67  8   192 99  12  10  0   
147 41  64  45  50  50  26  26  45  67  85  81  81  52  82  35  43  0   0   5   160 63  200 193 227 24  18  0   
148 61  84  65  70  70  26  26  45  144 102 151 82  217 83  35  43  86  0   5   224 63  200 193 227 24  18  0   
149 91  134 95  80  100 26  2   45  218 119 170 116 127 118 35  43  86  97  5   226 127 200 193 227 24  50  0   
150 106 110 90  130 154 24  24  3   220 119 127 88  133 90  93  50  129 94  5   177 255 175 241 175 56  99  0   
